0.000 1.000 1.000
0.050 1.036 0.725
0.100 1.048 0.497
0.150 1.042 0.310
0.200 1.022 0.158
0.250 0.993 0.036
0.300 0.956 -0.059
0.350 0.916 -0.133
0.400 0.873 -0.188
0.450 0.830 -0.228
0.500 0.788 -0.257
0.550 0.748 -0.275
0.600 0.711 -0.286
0.650 0.676 -0.292
0.700 0.645 -0.293
0.750 0.618 -0.292
0.800 0.593 -0.289
0.850 0.572 -0.285
0.900 0.554 -0.281
0.950 0.539 -0.277
1.000 0.526 -0.274
1.050 0.516 -0.271
1.100 0.507 -0.270
1.150 0.500 -0.270
1.200 0.494 -0.271
1.250 0.489 -0.273
1.300 0.485 -0.277
1.350 0.482 -0.282
1.400 0.478 -0.287
1.450 0.475 -0.293
1.500 0.471 -0.300
1.550 0.467 -0.307
1.600 0.463 -0.315
1.650 0.458 -0.323
1.700 0.452 -0.331
1.750 0.446 -0.339
1.800 0.438 -0.347
1.850 0.430 -0.355
1.900 0.420 -0.362
1.950 0.410 -0.368
2.000 0.399 -0.374
2.050 0.386 -0.380
2.100 0.373 -0.384
2.150 0.358 -0.388
2.200 0.343 -0.391
2.250 0.327 -0.394
2.300 0.310 -0.395
2.350 0.291 -0.395
2.400 0.273 -0.394
2.450 0.253 -0.393
2.500 0.232 -0.390
2.550 0.211 -0.387
2.600 0.190 -0.382
2.650 0.168 -0.377
2.700 0.145 -0.370
2.750 0.122 -0.362
2.800 0.099 -0.354
2.850 0.075 -0.345
2.900 0.051 -0.334
2.950 0.027 -0.323
3.000 0.003 -0.311
3.050 -0.022 -0.299
3.100 -0.046 -0.285
3.150 -0.070 -0.271
3.200 -0.094 -0.256
3.250 -0.117 -0.240
3.300 -0.141 -0.224
3.350 -0.164 -0.207
3.400 -0.186 -0.190
3.450 -0.209 -0.172
3.500 -0.230 -0.154
3.550 -0.251 -0.135
3.600 -0.272 -0.116
3.650 -0.292 -0.097
3.700 -0.311 -0.077
3.750 -0.329 -0.057
3.800 -0.347 -0.038
3.850 -0.363 -0.018
3.900 -0.379 0.002
3.950 -0.394 0.022
4.000 -0.407 0.042
4.050 -0.420 0.062
4.100 -0.432 0.082
4.150 -0.442 0.101
4.200 -0.452 0.121
4.250 -0.460 0.140
4.300 -0.467 0.158
4.350 -0.473 0.176
4.400 -0.478 0.194
4.450 -0.482 0.211
4.500 -0.484 0.228
4.550 -0.486 0.244
4.600 -0.486 0.260
4.650 -0.484 0.275
4.700 -0.482 0.289
4.750 -0.478 0.303
4.800 -0.474 0.315
4.850 -0.468 0.327
4.900 -0.460 0.338
4.950 -0.452 0.349
5.000 -0.443 0.358
5.050 -0.432 0.367
5.100 -0.420 0.374
5.150 -0.408 0.381
5.200 -0.394 0.387
5.250 -0.379 0.391
5.300 -0.364 0.395
5.350 -0.347 0.398
5.400 -0.330 0.400
5.450 -0.312 0.400
5.500 -0.293 0.400
5.550 -0.273 0.399
5.600 -0.253 0.397
5.650 -0.231 0.394
5.700 -0.210 0.389
5.750 -0.188 0.384
5.800 -0.165 0.378
5.850 -0.142 0.371
5.900 -0.119 0.363
5.950 -0.095 0.354
6.000 -0.071 0.344
6.050 -0.047 0.334
6.100 -0.023 0.322
6.150 0.002 0.310
6.200 0.026 0.297
6.250 0.050 0.283
6.300 0.074 0.269
6.350 0.098 0.254
6.400 0.122 0.238
6.450 0.145 0.221
6.500 0.168 0.204
6.550 0.191 0.187
6.600 0.213 0.169
6.650 0.234 0.151
6.700 0.255 0.132
6.750 0.276 0.113
6.800 0.295 0.093
6.850 0.314 0.074
6.900 0.332 0.054
6.950 0.349 0.034
7.000 0.366 0.014
7.050 0.381 -0.006
7.100 0.396 -0.026
7.150 0.410 -0.046
7.200 0.422 -0.066
7.250 0.434 -0.085
7.300 0.444 -0.105
7.350 0.453 -0.124
7.400 0.461 -0.143
7.450 0.468 -0.161
7.500 0.474 -0.180
7.550 0.479 -0.197
7.600 0.482 -0.214
7.650 0.485 -0.231
7.700 0.486 -0.247
7.750 0.485 -0.263
7.800 0.484 -0.277
7.850 0.481 -0.291
7.900 0.478 -0.305
7.950 0.473 -0.317
8.000 0.466 -0.329
8.050 0.459 -0.340
8.100 0.451 -0.350
8.150 0.441 -0.360
8.200 0.430 -0.368
8.250 0.418 -0.375
8.300 0.406 -0.382
8.350 0.392 -0.387
8.400 0.377 -0.392
8.450 0.361 -0.396
8.500 0.344 -0.398
8.550 0.327 -0.400
8.600 0.309 -0.400
8.650 0.289 -0.400
8.700 0.270 -0.399
8.750 0.249 -0.396
8.800 0.228 -0.393
8.850 0.206 -0.389
8.900 0.184 -0.383
8.950 0.161 -0.377
9.000 0.138 -0.370
9.050 0.115 -0.362
9.100 0.091 -0.353
9.150 0.067 -0.343
9.200 0.043 -0.332
9.250 0.019 -0.320
9.300 -0.006 -0.308
9.350 -0.030 -0.295
9.400 -0.054 -0.281
9.450 -0.078 -0.266
9.500 -0.102 -0.251
9.550 -0.126 -0.235
9.600 -0.149 -0.218
9.650 -0.172 -0.201
9.700 -0.194 -0.184
9.750 -0.216 -0.166
9.800 -0.238 -0.147
9.850 -0.259 -0.129
9.900 -0.279 -0.109
9.950 -0.298 -0.090
10.000 -0.317 -0.070
