0.000 0.000 1.000
0.050 0.050 0.999
0.100 0.100 0.995
0.150 0.149 0.989
0.200 0.199 0.980
0.250 0.247 0.969
0.300 0.296 0.955
0.350 0.343 0.939
0.400 0.389 0.921
0.450 0.435 0.900
0.500 0.479 0.878
0.550 0.523 0.853
0.600 0.565 0.825
0.650 0.605 0.796
0.700 0.644 0.765
0.750 0.682 0.732
0.800 0.717 0.697
0.850 0.751 0.660
0.900 0.783 0.622
0.950 0.813 0.582
1.000 0.841 0.540
1.050 0.867 0.498
1.100 0.891 0.454
1.150 0.913 0.408
1.200 0.932 0.362
1.250 0.949 0.315
1.300 0.964 0.267
1.350 0.976 0.219
1.400 0.985 0.170
1.450 0.993 0.121
1.500 0.997 0.071
1.550 1.000 0.021
1.600 1.000 -0.029
1.650 0.997 -0.079
1.700 0.992 -0.129
1.750 0.984 -0.178
1.800 0.974 -0.227
1.850 0.961 -0.276
1.900 0.946 -0.323
1.950 0.929 -0.370
2.000 0.909 -0.416
2.050 0.887 -0.461
2.100 0.863 -0.505
2.150 0.837 -0.547
2.200 0.808 -0.589
2.250 0.778 -0.628
2.300 0.746 -0.666
2.350 0.711 -0.703
2.400 0.675 -0.737
2.450 0.638 -0.770
2.500 0.598 -0.801
2.550 0.558 -0.830
2.600 0.516 -0.857
2.650 0.472 -0.882
2.700 0.427 -0.904
2.750 0.382 -0.924
2.800 0.335 -0.942
2.850 0.287 -0.958
2.900 0.239 -0.971
2.950 0.190 -0.982
3.000 0.141 -0.990
3.050 0.091 -0.996
3.100 0.042 -0.999
3.150 -0.008 -1.000
3.200 -0.058 -0.998
3.250 -0.108 -0.994
3.300 -0.158 -0.987
3.350 -0.207 -0.978
3.400 -0.256 -0.967
3.450 -0.304 -0.953
3.500 -0.351 -0.936
3.550 -0.397 -0.918
3.600 -0.443 -0.897
3.650 -0.487 -0.874
3.700 -0.530 -0.848
3.750 -0.572 -0.821
3.800 -0.612 -0.791
3.850 -0.651 -0.759
3.900 -0.688 -0.726
3.950 -0.723 -0.691
4.000 -0.757 -0.654
4.050 -0.789 -0.615
4.100 -0.818 -0.575
4.150 -0.846 -0.533
4.200 -0.872 -0.490
4.250 -0.895 -0.446
4.300 -0.916 -0.401
4.350 -0.935 -0.355
4.400 -0.952 -0.307
4.450 -0.966 -0.259
4.500 -0.978 -0.211
4.550 -0.987 -0.162
4.600 -0.994 -0.112
4.650 -0.998 -0.062
4.700 -1.000 -0.012
4.750 -0.999 0.038
4.800 -0.996 0.087
4.850 -0.991 0.137
4.900 -0.982 0.187
4.950 -0.972 0.235
5.000 -0.959 0.284
5.050 -0.944 0.331
5.100 -0.926 0.378
5.150 -0.906 0.424
5.200 -0.883 0.469
5.250 -0.859 0.512
5.300 -0.832 0.554
5.350 -0.804 0.595
5.400 -0.773 0.635
5.450 -0.740 0.673
5.500 -0.706 0.709
5.550 -0.669 0.743
5.600 -0.631 0.776
5.650 -0.592 0.806
5.700 -0.551 0.835
5.750 -0.508 0.861
5.800 -0.465 0.886
5.850 -0.420 0.908
5.900 -0.374 0.927
5.950 -0.327 0.945
6.000 -0.279 0.960
6.050 -0.231 0.973
6.100 -0.182 0.983
6.150 -0.133 0.991
6.200 -0.083 0.997
6.250 -0.033 0.999
6.300 0.017 1.000
6.350 0.067 0.998
6.400 0.117 0.993
6.450 0.166 0.986
6.500 0.215 0.977
6.550 0.264 0.965
6.600 0.312 0.950
6.650 0.359 0.933
6.700 0.405 0.914
6.750 0.450 0.893
6.800 0.494 0.869
6.850 0.537 0.844
6.900 0.578 0.816
6.950 0.618 0.786
7.000 0.657 0.754
7.050 0.694 0.720
7.100 0.729 0.685
7.150 0.762 0.647
7.200 0.794 0.608
7.250 0.823 0.568
7.300 0.850 0.526
7.350 0.876 0.483
7.400 0.899 0.439
7.450 0.920 0.393
7.500 0.938 0.347
7.550 0.954 0.299
7.600 0.968 0.251
7.650 0.979 0.203
7.700 0.988 0.153
7.750 0.995 0.104
7.800 0.999 0.054
7.850 1.000 0.004
7.900 0.999 -0.046
7.950 0.995 -0.096
8.000 0.989 -0.146
8.050 0.981 -0.195
8.100 0.970 -0.244
8.150 0.957 -0.292
8.200 0.941 -0.339
8.250 0.923 -0.386
8.300 0.902 -0.431
8.350 0.879 -0.476
8.400 0.855 -0.519
8.450 0.828 -0.561
8.500 0.798 -0.602
8.550 0.767 -0.641
8.600 0.734 -0.679
8.650 0.700 -0.715
8.700 0.663 -0.749
8.750 0.625 -0.781
8.800 0.585 -0.811
8.850 0.544 -0.839
8.900 0.501 -0.865
8.950 0.457 -0.889
9.000 0.412 -0.911
9.050 0.366 -0.931
9.100 0.319 -0.948
9.150 0.271 -0.962
9.200 0.223 -0.975
9.250 0.174 -0.985
9.300 0.124 -0.992
9.350 0.075 -0.997
9.400 0.025 -1.000
9.450 -0.025 -1.000
9.500 -0.075 -0.997
9.550 -0.125 -0.992
9.600 -0.174 -0.985
9.650 -0.223 -0.975
9.700 -0.272 -0.962
9.750 -0.320 -0.948
9.800 -0.366 -0.930
9.850 -0.413 -0.911
9.900 -0.458 -0.889
9.950 -0.501 -0.865
10.000 -0.544 -0.839
